Those the primitive Roots for q = 12289 and n = 512
3
27
113
160
242
243
354
390
404
420
435
442
476
493
545
671
773
875
1002
1017
1045
1065
1067
1153
1168
1207
1378
1426
1440
1484
1537
1544
1607
1630
1632
1663
1689
1777
1912
2126
2143
2166
2174
2178
2187
2249
2305
2370
2381
2399
2401
2422
2437
2481
2566
2645
2678
2686
2704
2780
2847
2859
2865
2884
2912
2969
2987
3000
3016
3066
3136
3149
3186
3247
3248
3271
3364
3400
3510
3531
3636
3646
3704
3763
3778
3780
3833
3915
3978
3985
4048
4053
4057
4096
4143
4284
4337
4372
4414
4437
4645
4654
4714
4861
4885
4895
4905
4919
4938
4976
5011
5012
5019
5042
5084
5088
5101
5191
5195
5277
5291
5332
5407
5444
5559
5698
6022
6039
6250
6267
6591
6730
6845
6882
6957
6998
7012
7094
7098
7188
7201
7205
7247
7270
7277
7278
7313
7351
7370
7384
7394
7404
7428
7575
7635
7644
7852
7875
7917
7952
8005
8146
8193
8232
8236
8241
8304
8311
8374
8456
8509
8511
8526
8585
8643
8653
8758
8779
8889
8925
9018
9041
9042
9103
9140
9153
9223
9273
9289
9302
9320
9377
9405
9424
9430
9442
9509
9585
9603
9611
9644
9723
9808
9852
9867
9888
9890
9908
9919
9984
10040
10102
10111
10115
10123
10146
10163
10377
10512
10600
10626
10657
10659
10682
10745
10752
10805
10849
10863
10911
11082
11121
11136
11222
11224
11244
11272
11287
11414
11516
11618
11744
11796
11813
11847
11854
11869
11885
11899
11935
12046
12047
12129
12176
12262
12286
