NTT Naive
0.00546908378601
0.00372004508972
0.00373005867004
0.0035400390625
0.00331401824951
0.00311803817749
0.00318503379822
0.00345015525818
0.00337886810303
0.00313711166382
0.00320100784302
0.00320100784302
0.00307607650757
0.00321102142334
0.00323104858398
0.00307583808899
0.00319600105286
0.00323891639709
0.00308513641357
0.00332999229431
0.00314903259277
0.00307488441467
0.00325489044189
0.00313115119934
0.0030779838562
0.00338792800903
0.00307607650757
0.00319504737854
0.00323700904846
0.00313282012939
0.00315093994141
0.00314378738403
0.00319719314575
0.00319194793701
0.00321197509766
0.00317978858948
0.00318288803101
0.00315499305725
0.00321578979492
0.00320911407471
0.00307703018188
0.00322890281677
0.00331616401672
0.00307703018188
0.00318193435669
0.00307488441467
0.00308513641357
0.00328087806702
0.00309896469116
0.00311994552612
0.00317597389221
0.0032172203064
0.00331711769104
0.00307583808899
0.00307106971741
0.00332999229431
0.00307488441467
0.00323891639709
0.00308990478516
0.00331997871399
0.00320982933044
0.00321888923645
0.00310087203979
0.00312209129333
0.00307202339172
0.00335812568665
0.00311994552612
0.00313687324524
0.00331401824951
0.00315499305725
0.00311589241028
0.00317096710205
0.0030779838562
0.00318312644958
0.00361204147339
0.00325298309326
0.00342702865601
0.00317192077637
0.00313591957092
0.00335001945496
0.00319409370422
0.0030779838562
0.0032000541687
0.00327086448669
0.00318884849548
0.00331807136536
0.00307106971741
0.00318598747253
0.00308918952942
0.00321006774902
0.00318479537964
0.00307607650757
0.00334191322327
0.00337100028992
0.00313496589661
0.00318312644958
0.00312399864197
0.00319314002991
0.00315999984741
0.00307393074036


NTT with hardcoding factors
0.00197196006775
0.0033700466156
0.0026171207428
0.00234603881836
0.0019907951355
0.00197887420654
0.00200796127319
0.00191497802734
0.00192379951477
0.00207304954529
0.00194597244263
0.00192403793335
0.00200796127319
0.00207209587097
0.00208497047424
0.00197505950928
0.00202417373657
0.00196194648743
0.00192785263062
0.00209403038025
0.00196099281311
0.00197100639343
0.0019371509552
0.00204300880432
0.00193214416504
0.00194001197815
0.00200390815735
0.0019199848175
0.00202584266663
0.00209593772888
0.00194001197815
0.00195217132568
0.00198602676392
0.00205206871033
0.00191497802734
0.00193619728088
0.00192213058472
0.00206995010376
0.00192403793335
0.0019211769104
0.00199699401855
0.00192308425903
0.00210905075073
0.00191497802734
0.00194001197815
0.0020649433136
0.00198101997375
0.00194692611694
0.00196194648743
0.00199508666992
0.00192785263062
0.00206708908081
0.00194787979126
0.00192308425903
0.00203490257263
0.00204610824585
0.00191617012024
0.00192308425903
0.00201106071472
0.0019199848175
0.00199294090271
0.00192999839783
0.00194501876831
0.00196290016174
0.00191712379456
0.00204205513
0.0019199848175
0.00197815895081
0.00212693214417
0.00201320648193
0.0019199848175
0.00192213058472
0.00203084945679
0.00191402435303
0.00202798843384
0.00197100639343
0.00192499160767
0.00198602676392
0.00194597244263
0.00210499763489
0.0019268989563
0.00225400924683
0.00191783905029
0.00201201438904
0.00192284584045
0.00191783905029
0.00195288658142
0.00192093849182
0.0020899772644
0.00194907188416
0.00194787979126
0.00191712379456
0.0019199848175
0.00204396247864
0.00199413299561
0.00208115577698
0.00192189216614
0.00191593170166
0.00202608108521
0.00191903114319

NTT with minimzing the usage of the % operator

0.00182199478149
0.00198316574097
0.00196290016174
0.00200200080872
0.00197005271912
0.00199699401855
0.00168895721436
0.00217795372009
0.00172805786133
0.00171303749084
0.00168895721436
0.00168299674988
0.00163197517395
0.00205206871033
0.00185084342957
0.00187301635742
0.00171399116516
0.00176596641541
0.00163793563843
0.00173401832581
0.00188493728638
0.00166916847229
0.00192308425903
0.00182294845581
0.00173211097717
0.00169396400452
0.00165295600891
0.00180387496948
0.00163602828979
0.0018618106842
0.00189995765686
0.00176978111267
0.00170302391052
0.00173306465149
0.001620054245
0.00177311897278
0.00163102149963
0.00192809104919
0.00181603431702
0.00175905227661
0.00172996520996
0.00173807144165
0.00162982940674
0.00178003311157
0.0016610622406
0.00199580192566
0.00171494483948
0.00176000595093
0.00167894363403
0.00172400474548
0.00172114372253
0.0017511844635
0.00169610977173
0.00176286697388
0.00171494483948
0.00172591209412
0.00169801712036
0.00183796882629
0.00167798995972
0.00176787376404
0.00174593925476
0.001797914505
0.00173687934875
0.00173211097717
0.00167798995972
0.00167107582092
0.00161910057068
0.00165820121765
0.00167298316956
0.00189113616943
0.00171804428101
0.00175881385803
0.00169014930725
0.00167894363403
0.00174999237061
0.00171518325806
0.00193095207214
0.00175595283508
0.00166487693787
0.00170421600342
0.00169610977173
0.00170493125916
0.00163316726685
0.00165390968323
0.00197315216064
0.00175714492798
0.00173401832581
0.00178408622742
0.00163006782532
0.00174498558044
0.00170183181763
0.00169396400452
0.00217819213867
0.00176906585693
0.00171899795532
0.00182199478149
0.00168299674988
0.00167298316956
0.00166392326355
0.00185489654541


Knuth Yao Naive

0.0113708972931
0.0100111961365
0.0100660324097
0.01051902771
0.0105531215668
0.0103380680084
0.0100269317627
0.0102248191833
0.0106070041656
0.0104730129242
0.010223865509
0.0104088783264
0.0104069709778
0.0102829933167
0.0105671882629
0.0102081298828
0.010458946228
0.0106208324432
0.0102479457855
0.0104939937592
0.010195016861
0.0102779865265
0.0103390216827
0.0103688240051
0.0102350711823
0.00991201400757
0.010538816452
0.0101811885834
0.00968599319458
0.0106379985809
0.0102138519287
0.00973200798035
0.0105059146881
0.0100631713867
0.00984191894531
0.0106768608093
0.0103249549866
0.0103511810303
0.0104491710663
0.0102200508118
0.0101940631866
0.0101718902588
0.0103919506073
0.0099458694458
0.0102691650391
0.0100178718567
0.0101449489594
0.0108108520508
0.0103571414948
0.0105841159821
0.0100119113922
0.0111918449402
0.0101711750031
0.01056599617
0.0101759433746
0.0101158618927
0.0103778839111
0.0102667808533
0.0111038684845
0.0105419158936
0.0102591514587
0.0105230808258
0.00980997085571
0.0104818344116
0.0102510452271
0.00986504554749
0.0106320381165
0.0103580951691
0.0100247859955
0.0101590156555
0.0101480484009
0.0102150440216
0.0101640224457
0.00980591773987
0.0103390216827
0.0106899738312
0.0103080272675
0.0100049972534
0.00995302200317
0.00992107391357
0.0103850364685
0.0100898742676
0.0102961063385
0.010379076004
0.0104699134827
0.0106780529022
0.0105619430542
0.0100979804993
0.00983595848083
0.0103068351746
0.00987195968628
0.0105102062225
0.0102939605713
0.00995302200317
0.00980687141418
0.0101828575134
0.0101399421692
0.0103349685669
0.010085105896
0.0103788375854

Knuth Yao with look up tables

0.000511884689331
0.000488996505737
0.000488996505737
0.000622987747192
0.000728845596313
0.000578165054321
0.000619173049927
0.000500917434692
0.000519037246704
0.000517129898071
0.000504970550537
0.000561952590942
0.000514030456543
0.000499963760376
0.000509023666382
0.000569105148315
0.000485181808472
0.000529050827026
0.00056791305542
0.000517129898071
0.000501155853271
0.000486135482788
0.000487089157104
0.000493049621582
0.000485897064209
0.000511884689331
0.000609874725342
0.000769138336182
0.000507831573486
0.000530004501343
0.000495910644531
0.000494003295898
0.00049614906311
0.000514984130859
0.000487089157104
0.000575065612793
0.000486850738525
0.000484943389893
0.000527858734131
0.000484943389893
0.00049090385437
0.000484943389893
0.000508069992065
0.000488042831421
0.000486850738525
0.000484943389893
0.000527858734131
0.000488996505737
0.000494956970215
0.000607013702393
0.000513076782227
0.000485897064209
0.000495910644531
0.000552892684937
0.000511884689331
0.000493049621582
0.000492095947266
0.000488042831421
0.000487804412842
0.000489950180054
0.000542879104614
0.000555992126465
0.00064492225647
0.000505924224854
0.000488996505737
0.000487804412842
0.000494956970215
0.000505924224854
0.000485897064209
0.000611782073975
0.000485897064209
0.000499963760376
0.000579118728638
0.00051212310791
0.000503063201904
0.000503063201904
0.000540018081665
0.000548124313354
0.000505924224854
0.000548124313354
0.000513792037964
0.000488042831421
0.000487089157104
0.000485897064209
0.000485897064209
0.000521898269653
0.000503778457642
0.000485897064209
0.000487089157104
0.000606060028076
0.000488042831421
0.000484943389893
0.000488042831421
0.000505208969116
0.000488996505737
0.000484943389893
0.000486850738525
0.000486850738525
0.000530004501343
0.000655174255371

Knuth Yao with byte wise scanning

0.000581979751587
0.00292897224426
0.000577926635742
0.000566005706787
0.000565052032471
0.000564098358154
0.000566005706787
0.000568151473999
0.000583171844482
0.000572919845581
0.000563859939575
0.000566959381104
0.00176906585693
0.000581026077271
0.000537872314453
0.000504016876221
0.00155091285706
0.000504970550537
0.00158309936523
0.00155401229858
0.000502109527588
0.00156998634338
0.000502109527588
0.000592947006226
0.000504016876221
0.00162410736084
0.000739097595215
0.000685930252075
0.000568151473999
0.000533103942871
0.000542163848877
0.000542163848877
0.000503063201904
0.00287222862244
0.000504970550537
0.000504016876221
0.000505208969116
0.000553131103516
0.00163602828979
0.00155401229858
0.00155711174011
0.000503063201904
0.00052809715271
0.00261402130127
0.000500917434692
0.00155901908875
0.00169205665588
0.00267791748047
0.000534057617188
0.00157904624939
0.000503063201904
0.000504970550537
0.000503063201904
0.000502109527588
0.00154900550842
0.00163388252258
0.000504016876221
0.00271701812744
0.00294804573059
0.000517129898071
0.00270295143127
0.00062894821167
0.00156188011169
0.00157189369202
0.00263810157776
0.000504016876221
0.000502109527588
0.000507116317749
0.000504016876221
0.00167393684387
0.000504016876221
0.000505924224854
0.00171589851379
0.000505924224854
0.00259590148926
0.00267601013184
0.000507116317749
0.0015561580658
0.00259184837341
0.000509023666382
0.000597953796387
0.000646114349365
0.000563859939575
0.000540971755981
0.00051212310791
0.000504016876221
0.000504016876221
0.00169610977173
0.000530004501343
0.00272393226624
0.000504016876221
0.000507116317749
0.000504016876221
0.00159883499146
0.000501155853271
0.00154805183411
0.000503063201904
0.000504016876221
0.00050687789917
0.0016028881073
